1
2
3
4
5
6
-1
-2
-3
-4
-5
-6
-7
-8
-9
-10
7
8
9
1
2
3
4
5
6
7
8
9
1
2
3
4
5
6
7
-1
-2
-3
-4
-5
-6
-7
-8
-9
-10
8
9
1
2
3
4
5
6
7
8
9
1
2
3
4
5
6
7
8
9
1
2
3
4
5
6
7
8
9
1
2
3
4
5
6
7
8
9
1
2
9
10
1
2
3
4
-5
-6
-2
-4
-1
-7
-4
-7
-9
-3
2
4
6
4
7
4
8
9
7
4
2
8
6
8
4
4
3
5
4
4
5
6
7
2
1
8
5
4
5
7
7
41
2
3
4
5
6
-1
-2
-3
-4
-5
-6
-7
-8
-9
-10
7
8
9
1
2
3
4
5
6
7
8
9
1
2
3
4
5
6
7
-1
-2
-3
-4
-5
-6
-7
-8
-9
-10
8
9
1
2
3
4
5
6
7
8
9
1
2
3
4
5
6
7
8
9
1
2
3
4
5
6
7
8
9
1
2
3
4
5
6
7
8
9
1
2
9
10
1
2
3
4
-5
-6
-2
-4
-1
-7
-4
-7
-9
-3
2
4
6
4
7
4
8
9
7
4
2
8
6
8
4
4
3
5
4
4
5
6
7
2
1
8
5
4
5
7
7
41
2
3
4
5
6
-1
-2
-3
-4
-5
-6
-7
-8
-9
-10
7
8
9
1
2
3
4
5
6
7
8
9
1
2
3
4
5
6
7
-1
-2
-3
-4
-5
-6
-7
-8
-9
-10
8
9
1
2
3
4
5
6
7
8
9
1
2
3
4
5
6
7
8
9
1
2
3
4
5
6
7
8
9
1
2
3
4
5
6
7
8
9
1
2
9
10
1
2
3
4
-5
-6
-2
-4
-1
-7
-4
-7
-9
-3
2
4
6
4
7
4
8
9
7
4
2
8
6
8
4
4
3
5
4
4
5
6
7
2
1
8
5
4
5
7
7
41
2
3
4
5
6
-1
-2
-3
-4
-5
-6
-7
-8
-9
-10
7
8
9
1
2
3
4
5
6
7
8
9
1
2
3
4
5
6
7
-1
-2
-3
-4
-5
-6
-7
-8
-9
-10
8
9
1
2
3
4
5
6
7
8
9
1
2
3
4
5
6
7
8
9
1
2
3
4
5
6
7
8
9
1
2
3
4
5
6
7
8
9
1
2
9
10
1
2
3
4
-5
-6
-2
-4
-1
-7
-4
-7
-9
-3
2
4
6
4
7
4
8
9
7
4
2
8
6
8
4
4
3
5
4
4
5
6
7
2
1
8
5
4
5
7
7
41
2
3
4
5
6
-1
-2
-3
-4
-5
-6
-7
-8
-9
-10
7
8
9
1
2
3
4
5
6
7
8
9
1
2
3
4
5
6
7
-1
-2
-3
-4
-5
-6
-7
-8
-9
-10
8
9
1
2
3
4
5
6
7
8
9
1
2
3
4
5
6
7
8
9
1
2
3
4
5
6
7
8
9
1
2
3
4
5
6
7
8
9
1
2
9
10
1
2
3
4
-5
-6
-2
-4
-1
-7
-4
-7
-9
-3
2
4
6
4
7
4
8
9
7
4
2
8
6
8
4
4
3
5
4
4
5
6
7
2
1
8
5
4
5
7
7
41
2
3
4
5
6
-1
-2
-3
-4
-5
-6
-7
-8
-9
-10
7
8
9
1
2
3
4
5
6
7
8
9
1
2
3
4
5
6
7
-1
-2
-3
-4
-5
-6
-7
-8
-9
-10
8
9
1
2
3
4
5
6
7
8
9
1
2
3
4
5
6
7
8
9
1
2
3
4
5
6
7
8
9
1
2
3
4
5
6
7
8
9
1
2
9
10
1
2
3
4
-5
-6
-2
-4
-1
-7
-4
-7
-9
-3
2
4
6
4
7
4
8
9
7
4
2
8
6
8
4
4
3
5
4
4
5
6
7
2
1
8
5
4
5
7
7
4